Τ. LVGREYI CARI DE RERVM NA TVRA ΗΒ. 11⁷ 51

99219 211291 21992 211919 191121212219 1122222221 · (1991112911211992112222121,9191191111 ’1992289
f Ι t l Ι l t· 31τῶ 9911119121 29112911192221 99919299111992192,

”mfflflfiffi ffifflffifflw ,2222211111111111ᾛ11ὛΜ111
111ςῖ9121199112,921912119912,292192211991112 . 1992 1921119, qoqumm
29929119 exesor moerorum lfflss cucuma}rm 229 mnneffiggtffltsrggedffqupe ἷξ1191119299

ffissffiffissss 1111191 922191122991111, ᾞι921199191222291911121111210221ῗ11111111 ²8⁵
9991 91912 92192991 199129, 1111912992 999112 21 2211919992 1199999291 22 9111229192, 29992
9991 1912991 19129211 2 11111112, 1211911 2912191. 11121212912999919 19919111299191291112191.

9299921299111111112221119192192 9229921999121 92929292199991129191191912191121121221921,

1211919119299912211191111119199192 ’226 11129991121922129222191919222299912912991,

922 19912 999 929912219191112191 9 929111, 29111192 1191299991291 122 9911111 9112992. 291
92192199 99991219 2291191112, 21 9911112 2219991 9992 22 9929 nobis membrorum (1921912
99111212 9119129· 11991212991112299212. 229 221, pm
1 Fruge-ret 99991219 9121111192 11221212 figura 192929211211191191229991119219199 991
&mmm zkzmgffiffiffimzztaaesffi
2992119111 229921291919 9129111992 199999. 219 21911191, 91 2139112, 91192 211112 9219211 296
9922 1911911 21 9921921919 1291912992211111192 912122 9212929, ’1121 112299 11211199,
9129191991192919191 ...22229191
2229 19 9929191192 9929199191 221122 91112199 11211129 2912 929192192111991122191, 91111991 399
111121,11“11111111112ἳ1111111 ³²⁵ Rffissdffipssssffiffifflfflssffimf
1111111111 ἓῖἓοζξίέᾚᾞὲᾟιᾚῖξ 2⁴⁰ 991991111211219 2211112 91 11911 2191912212 2921191.
&mmm &affl‘mffssff 1111111111111Ψ211“11“111111
91992919919922992911991112 192 2 11, imago 339 9911112 9211121192 2111192 2119212 1192 ’1 396
2119191211929111291191219929912 991211 245 91991192 11229 29299112 911929191111291111192 2222.
9219 9919 1111111191, 2111291919 9191191111 2911999 1999221992922919111299991919112112192211111299,
ι 1 2 299 29229·
9 919111229112921919 2211191.....,.2.....,,
&mmmmm 9222191111 mm&
newham 29191112 99129 1211992 geruntur, 254 19112211 999 21122112 99121, 2219112111 quod 31
3³⁸¹0512212111d0⁸11131⁸5t1111÷qu÷m 919291 211211 349 2112991 291191, 9919 92211, magn 919912122 99
ffissffeffiqssn'fffflffifflffl ffissgfffflffilpzfflffifflffie
2211. 1111“111“1ἓ1’1.111”11”11111111 11111192112911111111111132
261 2919,119011ῃ111992,,999 91111291 99291992291911192 ³⁴⁵ 11111111113111198111111111191111ιη911911ω921912ι 1281191111ιῖ
²⁶⁰ fffflffiffiffffffiffifimiffl 299 ”ffidszffssfffflgfflmfflff
12199912992199921191291992192119922122 2912112111 2292211299112211991121292 , 325
11111119121999292991999291999199922111112 264 919912191199129129191139221192111221Ξ12Ι
912212192 12991219 1119119· 2991 1991119192, 1921191 2212 991 991991 912911219119111221212199191
12999992 2111291991 222129919991992 29191219, 21129991 9991οὲ (9919121ῗὲῐὲ οξιοῃὲἵῖὲιθῇἀυήι
19199199919119591 .., 11ζ9111.ω.9..,1...2.,.. ...
22111112112111111111111111113 1111911191. 1211111111111111110·
quod genus 1112 19112 9922 2212 112929121991111, 2199211, 99191919112119 9919912 291919
12992 cun] 99122112929921991 91221121 29911991, 22111192 919119 11999121199122112 911912 rerum,
91911212211992 19112 ,211 1291111192 91 9111229191. 319 199112992299199911219 2919919919999111112, 335
12999992 9999199119 9991199992 111 2212 91292. 9922 2991299 292 92119111192991912 pingunt.
9119192 29119 21112 992122 19111 22191121 221, 275 9 12991192 291919 9922 29111 19 1992 1929191
19119 19192 19229 (192112. 12992922 22299191, 919912122 9912, 9999199191991191912221
992122112112192 999192 perterget 21 221 9121199192912291191219992211119 ,
21191911112191129929 9919112929191911191. 315 12299911919291129229912211191991 92 291 349

219 91112291119991 292991191912211 191239, 991992219919219922291912211122911199111122

810 Ι1111112. mitti 12911. 992111999 9219, ducibus Pmmpn 91 (1921121, 1299122111 19119291111. 1102101192 9222929)
1112191111191119119116119111192999291991192129991911191211111919199216911192211192192(9. 2111321ὶωῶυ119112ὥ,
' 111,ιι 9111112110 ffi.‚dffl÷tmoffi.n 1111,ο 111ωᾷῃῆῗῇ mmmmm? 11191111111111111221261991 1121. Affl suni
111111 mmm 11. 1111 111· ¹³ 1....’1πη ''¹²‘' ”ww 1111121111 ’Ἢ
2129122211.. 9212122211, cmm 1221. Ι 1112 quor 1112221 ., 11199291. md ’119111ῳὸ9992 Egone
Β ox 9919, 2111191991 9111992 lamb. 000 21 cluam B 01 eom, 291111. 99119911, luam oodd. 800121 ua, 121112 Im ,121
111 21112 991111 1011 mue 11121. sunt, 292 991111, 9111 nex 12211. metebant 9211 edd. 1912111 991111. 81⁰ mmmm·
hemmenam& 221191299211222911. 0109912991ωῶ99119211999119111199. 81122922221211199.

 

