116 P. OVIDI NASONIS MEPAMORPHOSEON LIB. VJ

1161 616116 66166 66661 1661661 miserabile 6611, 665 (666161111666116616661),166166161161166166161,
11666 1611111161 116116 16611116 Pandione 16116. . 6111611166 11661116 6161661166 11166661 6611161 695
6611616 6616111661 166616 16611616 1616166, Ι6111116611166 66616 61161 6611166 11666.

1661161661 1661116 16616111 16111611616611666, Ι 1116111 6111, 6611166111 16611616 foramina 161166
1113.1111611ἴὶ111111611111111111111116 :mmsssszqssztffibfflsssssza.

1116 dolore 666 166666166 6611111116 66 ox 1166 616 1161661661 1116 61666 16111666, 66661166 1ω
6611116111 6611161616, 661 6166116 6611166 6116166, 666 61661166 6161 61 66111661661166 1166111666·
1661616611161661116661 1161166116 66611116 1661111111. 11666 1161666 6611116 666 inferiora 1666166
“1“11111111111ἔ1111“’11ιὲ1111166 11111111111111111111..
tempore. ’161161666 Pmdiqfflieindumbm. 616 1616616661661111616121611Ρ1116166666ῗ16601111661
66611161161 1616161111 66111 6166116666 1166111666, 661111 11616661 1661661116616611661· :ne 166166 166
11111161111111111111111111111661 ffsshffitffifflfflffi'ssss
616166666611161661161611611611661111611161. 686 6661116666111661666661116661111616666,

6 161166 1166111166 0611616616 6661616161111, 11166016161116 166611 16166 61 11161616 161161. 116
‹lsifftkqffgtsiffffl dtssmoffilghnyffiqsse· nocebffnt' 6111ἓ611ι611θ11ἀ16101ξί261ῗ posstffiaessyi'xtnmmelloe.

11661 161116611661666611 66111 6111166 611. 6616161161 1661116, 166666 genitoris 6161661
6616111,16611111161611111161111111611111116116, 685 666 1616661666611116111616111661116611616116166,
1666 6611161611111 1161166116 (1616661166 6111111, 16116166 116111Ι 1611116 6116161 66161116 66111116, 115
66111.1”.1611.11166116111ς ssssssufflfflssffiffifflffi
1166611 6661116611· 1.. wmhppfflefflfflfflm
1611661161116161 11661616111116661 ⁷²⁰

111661 616 6661 1161166 66616 6616 666166 616116

LIBER SEPTIMVS

1616166 1161616 1116116 Pugna 111116 66661661, hostibus, ,661 16111116 11611161 1616 1166116 11166661.
ffifflfflfflfflfflffl? 131. ὦιῖἒᾟξῖῗωῗέἶωᾞᾱὲἲέἔῗὴω.

66666616616661166116661661616161661, 661666 61 61661616166616111 666166166611166116

m 66161166116161666116666616611661 5 6666661616166166616616666116116116111616 35
6661116166116111166 1161661 1116611116 661166. 11161166616616166166611166116611166666161
11661166 666661161661 1111166166 6611616 1666661, 111 61611116 6611111 1661616661 666 1616 1161661161
ffiffiffifflffimffmm, mmmmm

qqmpousm 1· ,1161666, ¹· Ι ..

6166616116 16116666 1666 ...6161116616
61161 161166 11616 611616 661 16616 616116 11661166 61661166116611616 1661111166 11111616 666111. 45
1161163111116661 16661661166666111661161 ¹⁵ &feamtfflfflhfflufflfflm
2¹⁰”2ffioemfflw fflaffimfflfflm
ffiffissffix ffiffsshfflqfflffi‚ w 66166166 61166 61611161 661οῷ 161111, Μὲο
1Ἣ111116 ffi ,1111161116 661 11ωὲ11 1111 mmm
66611161,11 1111 111016 661 616611616661 1611111166611 fflaemzeffimffiAffiuss
661 6166 616616 lieet 16111 66161 6661161611 166661 25 6166661166 1661 61616116 61 611116, 1661661
16661,61616161161661,66616111611666616 66166 1161661661661661161, 661166166υ1661111661ῳ1
611666661611166116616666,6166161611611161, 666166616666116161 16661611616ω1111σ111
6166666161616611661161666166161166616 Ἁ6611611166 61616616 6611611ἀ11116ἱ11661111616116 66
61616161661161616,16616166161166111111616 611166616161616111611661 16111616. ·
mmmtquesmsegemellmm 30 1661666666616161166111666666116161616111

11618116166166611ὰ,661·1.Η611ι 11166666611111666. ἈΙῙ111-61Η6166η1-11111ΗΧ. ss
&memmium-summa .. 1 1
mttisHNkmglawdd. 16611 Heins- 6116111666116666611161161611611111. 1166611191,ῃᾷ
661111. 916166161666666661111. 06161111616611.,611111’6111)6 nuptam& §Tqua'dmuqmlqm

1166 nima-mucius nummum.

 

